image_width: 640
image_height: 480
camera_name: 00b09d010090f9de
camera_matrix:
  rows: 3
  cols: 3
  data: [614.162965397221, 0, 329.154459313873, 0, 614.480556215839, 240.361367623008, 0, 0, 1]
distortion_model: plumb_bob
distortion_coefficients:
  rows: 1
  cols: 5
  data: [-0.383265413750327, 0.17620453771013, -0.00199974719740125, 0.00110357837884712, 0]
rectification_matrix:
  rows: 3
  cols: 3
  data: [1, 0, 0, 0, 1, 0, 0, 0, 1]
projection_matrix:
  rows: 3
  cols: 4
  data: [544.936421311514, 0, 331.827740749393, 0, 0, 575.684230260039, 239.186306403098, 0, 0, 0, 1, 0]