image_width: 640
image_height: 480
camera_name: 00b09d010090f9dc
camera_matrix:
  rows: 3
  cols: 3
  data: [601.646498532892, 0, 316.166365715424, 0, 620.150108763827, 221.803810607549, 0, 0, 1]
distortion_model: plumb_bob
distortion_coefficients:
  rows: 1
  cols: 5
  data: [-0.365881038581108, 0.200080220567435, -0.0227893218888294, 0.00258016759401506, 0]
rectification_matrix:
  rows: 3
  cols: 3
  data: [0.989586255281363, 0.00948033518749846, 0.143628571680365, -0.0104184216082693, 0.999929017846849, 0.00578063655902002, -0.143563574242916, -0.00721682150034273, 0.989614782447206]
projection_matrix:
  rows: 3
  cols: 4
  data: [659.997724864118, 0, 246.062833786011, -184.289134419344, 0, 659.997724864118, 222.191484451294, 0, 0, 0, 1, 0]