image_width: 640
image_height: 480
camera_name: 00b09d010090f9d6
camera_matrix:
  rows: 3
  cols: 3
  data: [628.711144374288, 0, 353.173165550004, 0, 633.549562513887, 243.63278174253, 0, 0, 1]
distortion_model: plumb_bob
distortion_coefficients:
  rows: 1
  cols: 5
  data: [-0.381321177381646, 0.199795604589088, -0.0050787688699448, 0.00306250618434865, 0]
rectification_matrix:
  rows: 3
  cols: 3
  data: [0.993749143125174, 0.0103422692183435, 0.111156097472865, -0.00961665312129268, 0.999928821033801, -0.00706207113368169, -0.111221223337664, 0.00594897750607207, 0.993777867104065]
projection_matrix:
  rows: 3
  cols: 4
  data: [659.997724864118, 0, 246.062833786011, 0, 0, 659.997724864118, 222.191484451294, 0, 0, 0, 1, 0]